OPTUNA OPTIMIZATION RESULTS
============================================================

lgbm_aggressive:
  Best MAE: 0.038843
  Best params:
    n_estimators: 500
    learning_rate: 0.011524634851860945
    max_depth: 5
    num_leaves: 42
    subsample: 0.7515373648546997
    colsample_bytree: 0.8051483790938234
    reg_alpha: 0.09854063392186402
    reg_lambda: 0.762315689573122

lgbm_conservative:
  Best MAE: 0.038153
  Best params:
    n_estimators: 200
    learning_rate: 0.005004797660286158
    max_depth: 3
    num_leaves: 11
    subsample: 0.7110875498145232
    colsample_bytree: 0.6003762182884825
    reg_alpha: 0.5998213825478621
    reg_lambda: 2.749019761992461

catboost:
  Best MAE: 0.038210
  Best params:
    iterations: 500
    learning_rate: 0.011861436378627013
    depth: 8
    l2_leaf_reg: 1.75366927352826

ridge:
  Best MAE: 0.039401
  Best params:
    alpha: 9.980472382076828

